989104 448620 1970/01/26 774518
756541 846455 1970/02/03 265866
920660 532322 1970/02/08 869419
220504 742944 1970/03/08 707533
319175 842754 1970/04/15 414191
621325 888257 1970/05/04 725406
116345 682369 1970/05/23 781745
647714 404171 1970/06/05 756661
707931 700996 1970/06/13 584635
787168 561436 1970/10/23 217072
469520 410523 1970/10/25 838335
230436 742947 1970/11/01 712902
506343 399183 1970/11/01 4386
318596 357808 1970/11/05 226760
891875 512939 1970/11/08 43297
63477 414597 1970/11/10 405847
685640 528669 1970/12/05 428522
114554 472323 1970/12/09 373419
921723 218168 1970/12/24 801093
216005 375168 1971/01/19 220370
64222 803605 1971/01/26 439613
435734 969858 1971/02/24 22709
521948 453359 1971/03/26 818394
752872 802900 1971/04/23 388488
473631 203856 1971/04/26 384402
351571 38955 1971/05/02 200024
969649 538865 1971/05/22 371694
282050 757343 1971/05/25 628888
626793 106609 1971/05/26 952185
776158 527319 1971/06/25 129484
825971 933330 1971/07/06 95079
50981 61334 1971/07/16 782407
920745 622480 1971/10/05 714523
582456 120179 1971/10/18 622138
269877 475975 1971/10/27 329142
412395 326351 1971/11/08 515864
559267 119725 1972/01/08 701129
720014 361412 1972/01/20 750244
148226 331150 1972/02/01 845891
58516 708674 1972/02/10 295044
537218 31546 1972/02/18 978215
965109 98114 1972/03/01 209879
160080 973652 1972/03/05 365962
364088 379107 1972/03/19 312630
899686 784573 1972/04/06 428687
32646 374043 1972/04/07 414178
275673 78167 1972/05/21 993725
91454 294791 1972/06/24 874774
587668 64044 1972/09/07 427361
840949 567774 1972/09/21 925502
947490 792530 1972/09/24 777618
432889 92893 1972/11/29 455759
598159 706258 1972/12/21 960274
386385 985937 1973/02/19 477815
473046 602448 1973/03/18 231016
914541 499984 1973/04/03 485100
906756 319833 1973/05/08 555404
314830 304865 1973/05/22 105086
859533 710691 1973/07/28 287513
187504 560985 1973/08/22 359136
529712 477492 1973/09/02 366472
485075 401030 1973/09/18 347155
914514 709288 1973/10/02 239998
312175 541513 1973/10/09 738166
943658 195529 1973/11/20 766814
947994 781567 1973/11/25 997575
171417 997291 1973/12/02 267457
162530 929793 1973/12/05 494063
244899 527725 1973/12/13 7897
892438 251987 1973/12/29 839100
785721 785348 1974/01/07 838990
129815 126817 1974/02/15 523311
903380 7165 1974/02/21 659647
426628 758068 1974/02/25 991433
590827 703134 1974/02/25 264498
196293 538953 1974/03/15 406016
398530 975750 1974/04/30 731975
613726 658265 1974/05/30 49389
230396 537270 1974/06/06 174981
414307 920497 1974/08/13 95034
583555 252221 1974/08/18 280372
682528 942144 1974/09/11 636916
727024 164155 1974/09/15 491742
754126 430800 1974/09/28 746600
16768 850619 1974/11/15 231727
187891 106214 1974/12/18 252971
773060 978552 1975/01/03 187998
269741 450089 1975/01/04 373636
622036 717812 1975/01/28 743682
345043 944855 1975/02/08 482418
131108 722414 1975/05/03 981726
945843 301195 1975/05/06 481686
791907 604746 1975/05/07 173707
342850 978450 1975/05/11 999503
657122 862789 1975/05/16 416715
638915 691639 1975/06/09 474714
199699 794455 1975/06/12 411988
942666 936783 1975/07/08 909239
374686 708983 1975/07/21 702926
774888 767290 1975/09/22 469918
758458 782789 1975/09/24 571416
170827 130473 1975/09/30 118665
345888 134862 1975/11/11 241179
222454 952717 1975/11/16 417722
635618 662635 1975/11/25 1450
484056 464410 1975/11/30 200679
755394 355727 1975/12/02 58632
175063 382569 1975/12/17 217499
412463 10273 1975/12/19 472523
244614 59672 1976/01/03 7051
997046 418507 1976/01/27 355964
354248 305087 1976/02/20 878334
911685 159361 1976/03/16 952712
541944 922355 1976/04/11 92967
755028 754368 1976/04/15 412095
725148 941106 1976/04/16 838107
41947 100396 1976/06/02 242156
810964 146204 1976/06/11 504893
168647 533303 1976/07/06 54922
838143 976356 1976/07/13 472713
565941 647557 1976/07/14 820058
855209 462060 1976/07/26 392749
210825 206924 1976/08/26 349925
798466 945380 1976/09/25 591124
145860 849372 1976/10/28 97358
844787 26827 1976/11/12 945392
738270 65100 1976/11/24 755855
598136 875670 1976/12/25 87427
354924 613866 1977/01/06 445747
182040 558615 1977/01/28 210587
990980 499033 1977/03/08 106160
523181 463991 1977/03/20 182717
889554 728754 1977/04/01 984260
455063 56562 1977/05/09 480267
434317 22899 1977/07/21 273507
462415 757390 1977/07/21 204152
514396 958128 1977/07/22 742732
860418 541317 1977/07/24 712267
258077 370594 1977/07/29 210395
624624 451896 1977/08/10 240503
273984 894429 1977/08/22 323436
992519 745535 1977/09/05 332474
387797 603634 1977/09/25 584929
980553 795089 1977/09/26 956453
1253 714236 1977/10/03 944865
942634 944415 1977/10/08 812928
586680 95410 1977/10/10 27682
893531 441889 1977/10/12 639599
351126 398542 1977/11/09 938145
774894 587263 1977/12/12 602944
202975 190605 1978/01/27 979827
190187 117065 1978/01/31 694985
947547 307282 1978/02/02 525176
668661 857880 1978/02/05 281734
541083 183792 1978/02/26 818711
860507 31946 1978/05/16 848338
166200 159311 1978/06/13 238095
186103 468872 1978/07/02 191103
691557 121009 1978/08/11 438435
216228 854720 1978/10/08 89728
244186 71207 1978/12/01 104012
410484 296760 1978/12/31 177077
142468 660754 1979/01/14 583936
254146 781090 1979/01/24 163710
474402 185359 1979/01/31 550066
304167 706204 1979/02/06 808603
919355 2984 1979/02/14 814492
511021 842554 1979/03/07 734459
835375 582279 1979/05/17 426043
937649 636060 1979/06/02 923527
104543 718673 1979/06/13 925903
63480 763400 1979/06/21 355768
832562 990347 1979/06/28 738625
590179 150299 1979/07/12 213995
407203 274487 1979/07/15 372741
300098 71551 1979/08/05 193956
120476 811992 1979/08/09 195741
386793 365127 1979/09/23 753736
977092 853256 1979/09/23 4255
949487 989396 1979/09/27 382204
40768 679504 1979/10/04 969211
459205 549811 1979/10/10 819040
713853 638554 1979/10/13 883842
519752 206666 1979/12/11 303625
738028 999686 1979/12/16 325593
892636 614969 1979/12/20 341026
209038 156580 1980/01/05 155462
956330 885536 1980/01/08 558274
842035 98672 1980/02/27 759574
798798 795192 1980/03/05 41204
844933 60686 1980/03/24 837576
853572 50256 1980/04/08 953395
883835 741606 1980/04/19 628970
806453 480409 1980/05/03 121928
97177 35052 1980/05/28 946831
894244 2124 1980/06/12 159528
676378 416083 1980/06/21 11416
608263 963796 1980/06/22 853731
209761 152585 1980/07/26 889446
11557 268676 1980/08/15 83049
733874 250198 1980/09/06 979260
952929 100182 1980/09/15 274526
667587 774880 1980/09/20 234341
620541 821133 1980/10/18 229559
53135 207100 1980/10/18 104796
985315 935147 1980/11/11 970817
543094 919429 1980/12/01 516694
740303 456220 1981/01/23 980429
552608 15388 1981/02/14 943554
918540 291919 1981/02/28 163948
420201 49706 1981/03/02 911014
815708 379674 1981/03/07 796638
577496 24640 1981/03/17 685845
746573 267872 1981/03/26 184251
523509 686870 1981/05/11 762998
182184 112920 1981/05/16 409350
970864 608429 1981/05/22 883762
655571 235754 1981/05/28 985319
977375 264346 1981/07/01 938372
939018 450721 1981/07/23 271257
647558 742060 1981/08/15 720533
636599 268579 1981/08/24 567965
680864 397455 1981/09/09 948441
33868 790473 1981/09/12 699950
35321 961932 1981/10/05 856985
63442 286782 1981/10/10 6613
673871 865345 1981/10/26 59000
285550 834165 1981/11/10 746231
543176 133977 1981/11/28 619967
40460 511133 1981/12/03 62430
951585 942593 1982/01/03 666171
4708 736661 1982/01/15 409152
22413 999892 1982/01/17 181499
725691 978087 1982/01/26 457386
699423 393598 1982/02/16 782102
74793 244860 1982/02/23 931790
234244 798678 1982/03/11 479179
366753 687652 1982/03/11 467871
595179 180577 1982/03/26 180625
176394 401636 1982/04/18 609356
222954 800653 1982/05/11 886533
156605 419997 1982/05/17 901483
733749 499545 1982/05/19 893038
403517 505069 1982/06/18 801235
984530 898948 1982/09/12 232340
989507 474572 1982/09/23 584251
523218 704131 1982/10/03 937436
451343 691495 1982/10/13 710373
594550 937001 1982/12/28 719881
15189 704409 1983/02/15 711276
734178 294010 1983/03/27 283865
762793 896203 1983/04/17 587537
600075 235523 1983/04/21 21270
50017 470421 1983/05/07 388739
606964 491395 1983/05/24 94582
319321 811745 1983/05/27 394656
433855 908749 1983/07/07 760018
973774 901582 1983/08/16 844153
98893 565817 1983/09/28 554600
635763 276331 1983/10/17 174606
479759 573429 1983/11/12 25197
990197 739727 1983/12/15 937513
541887 508622 1984/03/04 94830
946354 792900 1984/04/20 54151
628529 23350 1984/05/05 427371
17546 183874 1984/05/06 716347
897004 929535 1984/05/15 812776
741290 623217 1984/05/28 359131
724362 786749 1984/06/02 253559
568743 139222 1984/06/27 746640
517190 556209 1984/06/28 482024
297397 118107 1984/07/31 365222
4387 477342 1984/08/09 415323
649328 395470 1984/08/09 152325
337909 287502 1984/08/11 133513
800250 454312 1984/08/12 266038
306655 816445 1984/08/20 173646
705306 130081 1984/08/30 452927
78474 586721 1984/09/08 97501
239266 868577 1984/11/06 815938
263463 51197 1985/01/26 486924
753991 768515 1985/02/08 62716
57594 228380 1985/02/09 875519
962053 237259 1985/02/13 259429
951623 473386 1985/02/20 909563
339562 23265 1985/02/22 564193
287521 502392 1985/03/11 163700
171212 553906 1985/03/15 424767
959069 334521 1985/03/23 135431
442213 436273 1985/04/23 299546
565672 481084 1985/05/18 981557
662546 802457 1985/05/24 624762
874638 973935 1985/06/03 338163
341780 459113 1985/06/14 364765
2452 869143 1985/06/28 672441
335087 555929 1985/07/02 374831
836663 345190 1985/07/22 478698
747353 707027 1985/07/27 521515
854503 988173 1985/08/04 152269
929186 311337 1985/09/18 830990
732197 407254 1985/10/07 350062
991516 489750 1985/10/25 32542
771658 58015 1985/10/26 976480
83522 855561 1985/11/12 823679
217067 95380 1986/01/02 663675
665172 737228 1986/02/07 294745
623757 451221 1986/02/11 352516
252604 855174 1986/02/28 949759
457450 385154 1986/03/25 936788
989532 222417 1986/03/27 46600
683019 292103 1986/04/06 894311
263848 68997 1986/04/09 70152
252651 198 1986/04/24 941565
947411 20042 1986/04/25 64023
728016 557274 1986/05/14 403998
251341 209502 1986/05/14 209553
919049 242947 1986/05/25 296660
881476 917279 1986/07/27 487473
85757 479655 1986/09/08 869004
341158 145989 1986/09/11 530375
143791 688198 1986/10/17 294832
555526 319569 1986/11/21 738871
706033 619661 1986/12/03 946654
237656 833456 1986/12/06 901414
771811 100921 1987/01/05 881440
152901 107416 1987/01/11 759534
973869 563266 1987/02/23 603544
515918 998612 1987/03/10 649712
847053 246340 1987/05/27 571823
178363 416979 1987/06/27 663628
416851 713923 1987/07/09 905797
750789 673090 1987/07/30 130917
439867 403325 1987/09/05 537741
228505 223363 1987/12/02 988591
73219 583498 1987/12/12 335495
54203 362716 1987/12/23 542730
750396 295483 1988/01/16 678982
202941 132966 1988/02/19 165394
326944 158022 1988/03/04 871441
519202 509258 1988/03/06 644920
332325 335894 1988/03/11 492883
717907 600568 1988/03/18 586769
153663 903642 1988/03/20 717119
816852 297129 1988/03/26 672333
248936 405666 1988/04/04 623934
853723 753361 1988/04/15 253567
888431 583543 1988/05/23 902999
788816 755491 1988/05/27 991166
794486 62865 1988/06/20 175030
518865 855726 1988/07/24 42303
119825 496228 1988/08/13 796958
434232 815685 1988/09/04 947295
726663 962941 1988/09/08 267826
788952 577123 1988/09/20 631145
940085 192313 1988/09/24 490575
547885 361705 1988/09/26 65992
258618 996447 1988/11/16 392023
993062 702973 1988/12/14 464934
566459 817120 1989/01/29 984811
23703 11071 1989/03/05 326055
862488 681385 1989/03/15 231978
821451 864178 1989/05/02 699641
158094 975888 1989/06/02 730970
354572 943644 1989/06/29 53348
509547 891357 1989/07/09 139509
624042 53626 1989/07/19 634669
840955 994331 1989/07/21 168615
387604 905953 1989/07/26 127795
939256 318187 1989/08/09 40649
444998 68217 1989/08/12 18044
983521 444024 1989/09/29 494728
343564 762644 1989/10/21 749408
761874 504128 1989/11/16 257565
239967 225258 1989/11/26 784535
894134 10747 1989/12/02 207234
53103 496132 1989/12/14 617023
181543 278545 1989/12/21 358838
313809 539572 1989/12/30 690436
709131 31342 1990/01/03 814545
740386 979988 1990/01/12 438402
844064 27196 1990/02/18 813404
155940 702533 1990/03/07 691744
194520 51324 1990/04/29 370438
193326 842533 1990/06/04 946177
132841 230697 1990/06/15 823630
718491 727330 1990/06/20 795938
371571 362355 1990/06/28 368357
404041 212700 1990/07/01 452170
770161 404078 1990/07/29 149610
207890 57059 1990/09/05 484925
109212 635589 1990/11/03 963850
946568 257494 1990/11/17 36893
750888 516063 1990/11/18 914794
554614 208986 1990/11/27 754062
359091 513894 1990/12/07 368615
188798 397863 1990/12/17 858830
517105 601963 1991/01/06 155371
514497 984832 1991/01/21 454618
872905 402901 1991/04/15 530820
739525 847698 1991/04/28 424010
59755 762528 1991/04/30 29974
800371 286534 1991/05/03 937028
864582 772740 1991/05/11 170779
176883 909547 1991/06/03 94442
36372 513528 1991/06/05 961172
475205 839835 1991/07/11 395471
323995 933523 1991/07/12 151202
931192 587081 1991/09/15 907946
514979 379223 1991/09/18 1534
987856 532261 1991/10/02 445088
170373 91777 1991/10/14 886249
14747 633166 1991/10/24 455478
884555 432490 1991/11/01 631758
693119 334014 1991/11/22 905549
171781 683612 1991/11/29 551281
597634 65773 1992/01/18 775474
682717 867982 1992/03/04 953799
507057 918918 1992/03/12 579614
306714 187056 1992/03/14 579935
67841 318888 1992/07/07 75576
463414 692557 1992/07/21 824458
342296 474210 1992/08/23 996227
103549 535925 1992/09/02 40160
495544 900739 1992/09/28 114217
705678 586350 1992/11/14 618448
918474 262326 1992/11/14 224065
763420 73842 1992/11/27 202189
100706 489879 1992/12/20 813872
930074 514875 1993/01/18 884344
328918 634963 1993/01/24 166469
643068 783332 1993/02/20 447232
247715 741683 1993/02/26 529246
340927 648590 1993/03/14 256221
138100 950516 1993/04/11 705791
602723 805252 1993/04/12 928944
875182 811156 1993/05/08 281162
547506 237898 1993/05/27 450637
881743 685925 1993/06/07 882302
137758 993098 1993/06/23 460015
549363 930123 1993/07/19 253089
818285 903894 1993/07/23 121277
372998 292798 1993/07/31 482443
277476 157245 1993/08/01 335574
658626 18105 1993/08/18 457042
659339 851142 1993/11/18 766126
311165 264616 1993/11/28 601565
585888 633628 1994/01/07 838336
853983 80287 1994/01/20 181550
865830 441331 1994/02/10 557694
918158 255118 1994/02/18 483370
498887 712797 1994/02/21 375992
669142 33561 1994/03/26 651327
152011 704286 1994/04/05 45921
63610 143824 1994/04/21 605645
771821 436932 1994/05/28 323857
265226 924168 1994/06/21 920887
991309 417614 1994/06/23 658640
58620 492791 1994/07/10 155682
157067 703460 1994/07/13 869379
978279 266833 1994/07/17 728522
970938 803838 1994/08/05 718181
506489 825737 1994/10/10 562381
752024 444941 1994/10/23 743413
287488 175262 1994/12/10 493850
881093 79435 1994/12/17 897045
448974 637543 1994/12/17 223954
650398 677116 1995/01/08 406766
18173 406984 1995/01/10 604959
953580 460676 1995/02/12 638517
806087 531049 1995/02/19 43174
930392 200115 1995/02/20 916038
430312 162655 1995/06/21 197397
83443 181501 1995/06/27 596612
250816 699798 1995/07/06 935386
405138 708740 1995/08/04 661431
59371 671806 1995/08/09 988323
606231 64084 1995/08/11 670444
973301 339051 1995/09/01 448567
660264 128306 1995/09/07 268286
74211 314185 1995/09/25 553923
543864 50212 1995/09/26 68447
788765 504337 1995/11/07 443200
57723 382544 1995/12/05 242113
385310 507805 1996/02/14 491397
608419 491443 1996/02/22 713336
719692 626967 1996/03/20 77441
97614 480076 1996/04/21 638935
63571 754949 1996/04/22 461399
663476 589583 1996/05/12 143009
907118 792860 1996/06/06 309026
265292 378725 1996/06/08 569320
880225 431680 1996/06/10 521428
234033 311308 1996/07/22 946267
134183 860438 1996/08/30 720621
553739 464438 1996/10/28 900725
846488 990571 1996/11/13 579645
156232 335032 1996/12/05 68977
885913 238003 1996/12/22 927173
169000 966662 1997/02/04 679439
584304 893104 1997/02/11 405666
852647 96138 1997/03/01 505171
729052 154679 1997/03/05 525037
827116 482158 1997/03/05 465295
738355 321803 1997/03/17 879186
787181 826441 1997/03/28 997686
87418 635437 1997/05/14 96094
584394 912672 1997/05/15 943609
430492 406726 1997/05/15 262031
730196 890890 1997/05/23 784446
492070 195782 1997/06/06 646280
359858 742548 1997/06/14 254127
418366 822320 1997/07/11 319631
17119 110805 1997/07/13 843113
569051 945154 1997/07/15 58547
975468 712112 1997/07/19 951497
263748 422674 1997/07/19 222849
911679 537942 1997/09/08 669841
510824 386274 1997/09/26 274719
263307 30352 1997/10/04 829722
614463 412267 1997/10/04 744345
493829 829088 1997/10/04 617519
815877 916082 1997/10/12 104641
884876 75332 1997/10/18 924858
430877 693362 1997/10/26 518346
851442 830712 1997/12/17 184892
610969 345613 1998/01/05 712678
33470 272869 1998/01/17 552597
144246 874172 1998/01/24 652771
715123 851351 1998/02/17 667136
176290 459771 1998/03/31 147389
16444 77731 1998/05/03 107058
864158 796932 1998/05/17 854873
780005 428278 1998/06/09 744423
372435 876473 1998/06/09 664972
503746 843996 1998/06/13 41489
670126 264210 1998/07/10 535384
864852 783854 1998/07/17 551904
405820 827062 1998/08/30 913787
263326 321975 1998/08/31 227067
79946 585787 1998/10/24 602462
290489 260712 1998/11/04 910287
297138 767928 1998/11/12 707560
981290 682062 1998/12/14 960807
569684 902303 1998/12/14 326705
650624 416910 1999/01/26 204814
366597 299606 1999/02/18 725331
872016 936606 1999/03/18 913060
329104 403093 1999/03/20 394479
603470 663905 1999/04/18 125225
371899 67726 1999/05/06 36259
86522 683067 1999/05/24 664696
589002 962133 1999/06/11 465707
34635 861769 1999/07/16 136189
960327 37652 1999/07/20 992443
618094 686240 1999/08/12 725339
543337 997595 1999/08/26 497651
602679 806349 1999/09/12 537886
499038 757613 1999/09/24 552054
360310 57922 1999/10/05 59526
81679 831756 1999/11/22 504885
508491 937585 1999/11/23 553543
275844 163537 1999/12/05 950032
594478 354480 1999/12/13 696033
511430 587100 1999/12/21 526327
576616 293876 2000/01/15 926454
968102 837607 2000/02/02 261148
747661 607648 2000/02/18 258664
643470 617575 2000/02/20 121993
666582 901185 2000/02/21 543867
713089 418785 2000/04/06 566173
390204 218991 2000/05/29 478688
360401 662332 2000/05/31 530549
117166 468609 2000/06/23 449251
924671 515285 2000/06/24 132871
645809 166909 2000/07/14 281669
765335 500630 2000/09/22 824826
836811 40489 2000/10/22 689449
399101 538945 2000/11/10 195076
67104 834472 2000/12/05 241078
485230 315331 2000/12/27 926370
16884 101822 2001/01/02 370219
713735 577235 2001/01/10 4199
916881 548142 2001/03/04 710216
358507 408669 2001/03/24 505222
311579 251393 2001/04/29 642703
622946 521965 2001/05/15 401365
615612 649136 2001/05/28 151421
698560 887002 2001/06/02 54583
140411 465642 2001/08/03 449333
230243 544214 2001/08/15 552658
652986 374621 2001/08/18 977228
509010 664657 2001/09/16 908003
533010 536281 2001/10/25 369082
560101 619907 2001/12/29 923990
682519 729495 2002/01/01 922847
630811 325706 2002/01/19 885576
501858 884576 2002/03/03 664405
984815 502729 2002/04/22 174899
963117 539493 2002/07/08 123996
534841 69226 2002/07/16 286319
255396 239674 2002/07/23 883030
374438 427525 2002/07/27 804006
933755 349653 2002/08/19 653986
693778 693430 2002/08/26 391349
938021 921594 2002/09/12 761655
597277 672392 2002/10/18 718092
774186 133994 2002/12/20 319591
147388 973724 2003/01/08 668225
206887 508582 2003/01/23 325502
938568 390162 2003/02/06 355784
674770 68013 2003/02/08 322262
688997 132220 2003/03/09 972539
778000 230647 2003/03/11 209863
600160 129713 2003/04/03 725576
453178 782447 2003/05/11 740903
286192 266666 2003/05/29 701210
991258 393762 2003/05/30 898847
43166 966119 2003/06/16 522274
693713 538372 2003/07/07 216666
730814 885977 2003/08/04 798444
133979 316563 2003/08/23 960454
230410 954251 2003/09/18 769400
57017 925026 2003/09/25 463989
499339 575105 2003/10/01 566357
704978 514380 2003/10/05 377129
447827 676134 2003/10/24 829402
120294 368280 2003/10/29 877282
495094 757200 2003/11/08 932465
324211 231933 2003/11/26 359248
313380 733056 2003/12/09 626692
112017 572532 2003/12/10 894817
48744 728011 2003/12/28 527378
586018 140454 2003/12/31 795018
414128 493741 2004/02/09 392889
701848 338534 2004/02/13 331680
919924 308543 2004/02/21 321817
657241 287000 2004/03/17 631175
268634 302811 2004/03/19 904428
940625 738640 2004/03/26 939638
96342 849403 2004/04/02 874420
323540 421330 2004/04/13 735100
694584 175452 2004/05/10 204893
713664 386255 2004/07/17 270839
317414 186046 2004/07/22 240824
480107 924425 2004/08/01 588156
334674 179540 2004/08/01 64151
975173 27506 2004/08/09 494388
704604 152629 2004/08/18 163868
629097 590295 2004/09/23 22856
469147 152715 2004/10/06 684296
510469 503181 2004/10/07 704001
707715 805170 2004/10/26 952003
395729 425745 2004/11/27 870912
860373 803867 2004/12/18 366925
558260 379083 2004/12/23 586404
805085 731599 2005/01/06 738576
605138 642174 2005/01/16 399923
368215 932874 2005/01/28 925891
854036 579725 2005/02/24 258452
331687 48154 2005/02/27 863887
8983 730915 2005/03/09 995400
906089 715263 2005/03/31 236702
938758 434639 2005/04/03 102184
431871 925694 2005/04/08 444436
636372 844202 2005/04/18 457859
430707 471166 2005/04/22 25683
971308 730781 2005/04/26 574003
478316 334347 2005/05/03 773047
715128 769758 2005/06/01 715589
840298 789691 2005/08/20 657811
936994 317943 2005/09/08 990850
814713 450521 2005/10/09 224566
466908 615442 2005/11/02 242337
972209 469963 2005/11/09 665833
365053 136747 2005/11/21 636314
868703 84846 2005/12/19 282831
743219 860666 2005/12/21 491838
192920 677138 2006/01/19 976759
832237 890615 2006/02/07 868594
161038 775430 2006/03/09 136463
444292 366512 2006/03/15 638420
881023 994086 2006/03/16 979534
418413 733621 2006/06/07 463081
213362 37199 2006/06/07 247769
255427 826743 2006/06/16 883795
882539 229619 2006/08/14 805973
457535 53862 2006/08/19 828359
602036 586907 2006/09/14 377081
637733 63730 2006/10/07 131414
160472 248514 2006/10/23 968723
991985 823831 2006/10/30 650787
315585 298138 2007/01/04 304461
375135 10804 2007/01/09 737527
363084 908988 2007/01/24 636707
422660 996209 2007/02/09 184942
489434 812538 2007/03/11 470711
566521 849160 2007/04/07 802833
508366 456543 2007/04/17 745758
119976 924893 2007/04/26 871753
488291 927960 2007/06/28 248236
83080 308699 2007/06/30 329874
931529 276831 2007/07/25 951002
620778 129625 2007/08/01 577464
768332 229872 2007/08/13 565506
164322 909795 2007/08/24 673660
487420 405779 2007/10/30 493626
682321 509780 2007/11/12 453364
334922 102999 2007/11/27 111471
633831 768624 2007/12/22 334250
205738 656636 2007/12/28 654638
239165 363727 2008/02/01 159193
631231 545066 2008/02/13 254321
181677 759499 2008/02/20 302564
636237 628153 2008/04/03 97421
900444 565123 2008/05/11 893088
184489 249035 2008/05/24 127212
396823 98859 2008/05/28 933126
927018 852674 2008/06/09 930270
87426 990260 2008/06/13 266750
503155 258612 2008/06/14 209062
155955 53855 2008/06/21 963982
120126 548827 2008/07/24 158396
428055 634486 2008/08/24 738070
78014 310548 2008/08/28 834405
307099 175475 2008/09/04 291278
167377 41158 2008/09/22 949910
836897 215763 2008/09/26 770790
275602 812427 2008/11/17 927755
349221 332757 2008/11/22 432732
628805 371272 2009/02/12 49773
727469 585675 2009/03/03 734757
467416 647103 2009/03/11 213795
276651 3931 2009/04/01 789385
310158 291261 2009/04/28 660890
528187 724086 2009/05/09 466975
442189 616564 2009/06/10 557603
438793 236633 2009/07/01 501256
619431 525187 2009/07/06 60023
725695 634597 2009/07/21 215047
421729 681253 2009/08/21 439612
354651 355960 2009/09/27 535281
59442 22959 2009/10/26 575343
315826 125419 2009/10/29 239728
396341 46096 2009/11/15 916169
198945 582384 2009/12/19 486202
637559 729080 2009/12/23 835866
611425 214120 2010/01/01 433325
261709 972651 2010/01/16 148747
285974 729155 2010/01/24 119701
971715 895549 2010/02/06 199743
948732 458113 2010/02/12 184993
584846 311331 2010/02/14 981700
26166 820620 2010/02/25 251920
987518 722179 2010/03/02 78858
278257 343008 2010/03/15 33905
981681 788139 2010/03/17 845426
56017 167490 2010/04/02 938443
833839 734782 2010/04/04 413890
513792 651678 2010/04/06 637419
354814 492878 2010/04/11 106998
798448 534291 2010/05/15 492701
243505 909654 2010/07/07 705003
272078 475341 2010/07/30 312456
318681 463084 2010/07/31 34743
408841 750974 2010/08/19 341567
46374 419644 2010/09/24 666803
396583 493653 2010/10/24 463221
982864 865864 2010/11/15 271586
859831 108489 2010/12/05 761186
582717 835608 2010/12/30 953996
997300 257553 2011/01/08 339499
464850 741031 2011/01/11 382319
755027 413159 2011/01/21 255683
972419 819066 2011/02/19 260233
210043 505827 2011/03/15 29371
985151 804720 2011/03/26 626876
668498 768878 2011/05/23 295504
100652 78287 2011/06/02 592438
694688 315682 2011/06/11 157734
586983 596797 2011/06/16 757963
562248 678134 2011/07/01 496767
699152 397102 2011/07/04 658015
178295 735640 2011/08/15 411521
107571 570933 2011/09/10 689226
180155 797449 2011/10/02 470862
600611 569441 2011/10/07 737308
446547 275630 2011/10/15 847998
942569 496278 2011/11/14 682763
414624 780292 2011/11/19 214252
249642 417112 2011/11/23 435666
106111 107217 2011/12/10 832942
238299 943846 2012/03/07 589793
944657 84114 2012/04/01 200441
557359 235163 2012/04/15 763290
385193 315902 2012/06/23 554344
732912 443421 2012/07/07 540268
903547 334910 2012/08/13 946104
65256 34554 2012/08/17 147318
69881 469377 2012/11/13 533084
882301 905738 2012/11/22 177674
176488 952922 2013/02/10 576695
377326 780819 2013/02/13 581953
514623 866223 2013/02/27 294726
648300 19330 2013/03/11 991797
138585 791371 2013/03/24 285262
253666 757377 2013/04/03 294380
918262 995499 2013/04/12 950889
86463 974281 2013/04/12 36068
860806 34464 2013/05/11 253567
506904 751614 2013/06/24 917713
450105 267701 2013/06/27 200376
404709 259593 2013/07/15 401717
291497 920372 2013/08/08 267100
103788 779752 2013/08/09 575362
791639 607755 2013/09/20 381458
916670 688724 2013/09/21 227208
844082 409058 2013/09/22 691331
393038 350596 2013/10/22 916245
587501 397857 2013/10/29 124511
413504 467248 2013/12/08 134088
928039 420234 2013/12/10 994226
796276 510023 2013/12/20 130393
3590 539911 2014/01/17 872826
63866 576717 2014/02/13 93810
8606 666221 2014/02/25 153343
695844 50895 2014/03/23 7106
954501 53795 2014/04/10 335657
362640 870336 2014/05/09 111455
707960 530678 2014/05/31 55160
786918 80741 2014/07/23 727498
606401 517447 2014/08/10 970859
911459 479297 2014/09/08 133299
297711 452625 2014/10/15 448001
300899 904409 2014/10/20 29246
504985 545344 2014/11/22 859801
100698 677147 2014/12/03 443404
856474 155331 2014/12/11 382663
756656 275545 2014/12/26 49487
121181 323442 2015/01/30 598840
569387 633913 2015/02/14 949745
627712 224101 2015/02/26 998528
486199 835446 2015/03/01 992978
892018 61890 2015/03/07 719658
476170 180440 2015/04/12 70685
861104 647899 2015/04/26 521040
606468 816086 2015/05/14 345492
846171 707171 2015/05/19 622519
360002 806792 2015/05/31 297128
273674 91717 2015/06/06 144874
729169 408817 2015/07/17 759508
194750 252218 2015/07/20 444499
3297 932028 2015/08/07 523933
969342 491010 2015/08/12 985162
740467 966031 2015/08/12 237141
103085 395916 2015/08/13 750218
550530 346755 2015/09/10 576370
906607 388317 2015/10/20 640198
562648 807323 2015/10/22 353584
167700 937223 2015/11/12 916153
323209 35689 2015/11/19 702234
266558 460415 2015/12/10 560499
315264 808536 2015/12/22 793253
696458 999021 2016/01/10 62634
404031 988370 2016/02/11 709665
766018 689183 2016/02/22 327773
922497 104383 2016/03/03 346834
385375 216140 2016/03/05 720867
689806 662541 2016/03/28 424160
331174 867044 2016/05/06 31243
225221 805366 2016/07/22 803139
444028 877450 2016/10/31 63726
810079 355329 2016/12/17 699991
378119 315827 2016/12/22 793959
539757 260941 2017/02/13 991213
793837 662549 2017/02/14 323621
472452 227116 2017/02/19 829603
41834 972677 2017/02/23 773211
689587 133082 2017/03/20 592143
112713 791020 2017/04/11 749401
843285 638178 2017/04/30 306454
140739 822612 2017/05/02 602323
819465 49040 2017/05/04 747035
779938 759268 2017/05/18 318296
315222 830095 2017/05/20 857762
187734 224554 2017/07/05 963594
259539 224810 2017/08/02 10753
243685 597507 2017/08/17 695346
205253 141720 2017/08/22 272608
872701 580258 2017/09/15 956904
439100 737697 2017/09/26 906180
485124 790957 2017/10/02 64920
537372 949377 2017/10/15 90287
425021 470440 2017/10/18 425610
901335 657963 2017/11/28 427570
224010 971171 2017/11/29 693938
313558 592754 2017/12/07 838680
651913 256704 2017/12/13 841169
931403 614759 2018/01/14 921560
279282 183140 2018/02/15 391157
115630 86719 2018/02/19 648707
391175 970933 2018/02/23 301530
774242 828358 2018/03/08 229988
280986 217397 2018/03/17 260034
590023 761185 2018/04/17 236016
272189 808149 2018/06/04 468826
735803 966129 2018/06/23 347453
139682 815116 2018/07/06 383102
223259 506087 2018/07/27 268532
482919 55715 2018/09/06 39701
760255 944733 2018/09/21 110392
509770 22167 2018/09/26 743203
180013 546412 2018/10/11 382549
356345 536531 2018/10/19 446119
875289 757751 2018/11/07 626518
45146 959527 2018/11/10 581878
388897 808068 2018/11/28 973363
147154 214959 2018/12/06 699400
940765 355121 2018/12/07 972921
666990 525400 2018/12/20 603114
233420 892907 2019/01/03 969901
974006 587368 2019/01/21 485433
735954 706801 2019/02/12 540681
253592 332022 2019/02/18 861453
826409 292115 2019/02/27 702289
435138 295138 2019/03/02 617235
753278 131213 2019/03/02 224901
1045 285595 2019/03/24 57924
855233 863794 2019/03/27 305201
105307 576768 2019/05/10 632654
847910 804492 2019/05/11 793388
180837 544542 2019/06/15 298423
793277 693039 2019/07/05 91602
140411 185369 2019/07/20 627095
131215 379205 2019/07/27 676665
21196 750835 2019/08/02 131384
877020 200360 2019/09/07 520000
425836 771687 2019/09/09 354932
231267 194643 2019/09/12 736642
42047 775805 2019/10/02 334450
161585 429967 2019/10/07 585388
538291 41408 2019/10/07 115950
724661 513357 2019/10/10 671308
661898 59168 2019/10/18 128650
607235 149966 2019/11/04 753294
169290 410065 2019/11/19 155873
564881 58461 2019/11/25 104400
204879 857726 2020/01/04 698887
290486 119369 2020/01/07 357097
793662 539063 2020/01/22 796745
550600 801311 2020/01/30 746254
55252 607664 2020/03/18 102821
510435 604900 2020/03/28 301661
702141 83696 2020/04/02 296325
207785 527590 2020/04/07 401018
500852 954146 2020/04/11 232167
193729 506866 2020/05/02 999238
607401 892783 2020/06/01 848860
584244 747527 2020/06/02 193238
542801 873253 2020/06/30 444961
126338 585362 2020/07/13 786376
470296 2593 2020/07/14 827871
334664 123364 2020/07/22 553297
374799 500005 2020/07/29 728339
553894 456945 2020/09/01 610082
194168 661594 2020/09/05 935953
699394 967655 2020/10/04 506656
307425 844685 2020/10/17 49971
927722 675469 2020/12/05 112657
104218 528762 2020/12/30 953364
569117 976980 2021/01/13 874903
84137 363926 2021/01/20 935750
559369 509523 2021/02/21 714094
812847 680697 2021/02/23 254203
721100 444100 2021/03/08 443932
558789 94764 2021/04/05 247033
638703 573163 2021/04/28 148024
95547 555850 2021/05/15 709493
477272 723406 2021/05/26 786331
537070 31724 2021/09/19 535857
422371 499367 2021/10/24 160316
980117 625477 2021/11/10 802907
647241 605442 2021/11/13 405417
589359 403810 2021/11/26 986109
678772 890395 2021/11/27 512667
761731 661529 2021/12/19 107925
617620 670706 2022/01/19 156791
244477 854555 2022/01/31 835459
815603 853024 2022/02/01 471693
610314 216274 2022/02/10 32583
938816 511269 2022/04/27 548124
131165 643600 2022/05/21 970438
551891 517095 2022/06/26 230183
417344 902471 2022/07/01 747537
761506 815712 2022/07/02 500876
381905 390054 2022/09/02 498538
333600 69221 2022/09/03 265359
430070 365411 2022/11/29 828627
275689 313611 2022/11/30 555883
342498 3781 2022/12/27 641065
311754 395734 2022/12/31 818654
